/* -*- buffer-read-only: t -*-
   !!!!!!!   DO NOT EDIT THIS FILE   !!!!!!!
   This file is built by regen_perly.pl from perly.y.
   Any changes made here will be lost!
 */

#define YYFINAL  14
/* YYLAST -- Last index in YYTABLE.  */
#define YYLAST   3175

/* YYNTOKENS -- Number of terminals.  */
#define YYNTOKENS  107
/* YYNNTS -- Number of nonterminals.  */
#define YYNNTS  90
/* YYNRULES -- Number of rules.  */
#define YYNRULES  278
/* YYNRULES -- Number of states.  */
#define YYNSTATES  549

/* YYTRANSLATE(YYLEX) -- Bison symbol number corresponding to YYLEX.  */
#define YYUNDEFTOK  2
#define YYMAXUTOK   339

#define YYTRANSLATE(YYX)						\
  ((unsigned int) (YYX) <= YYMAXUTOK ? yytranslate[YYX] : YYUNDEFTOK)

/* YYTRANSLATE[YYLEX] -- Bison symbol number corresponding to YYLEX.  */
static const yytype_uint8 yytranslate[] =
{
       0,     2,     2,     2,     2,     2,     2,     2,     2,     2,
       2,     2,     2,     2,     2,     2,     2,     2,     2,     2,
       2,     2,     2,     2,     2,     2,     2,     2,     2,     2,
       2,     2,     2,    90,     2,     2,   104,    16,    17,     2,
     102,   101,   105,    14,    79,    13,    19,   106,     2,     2,
       2,     2,     2,     2,     2,     2,     2,     2,    82,   103,
       2,    18,     2,    81,    15,     2,     2,     2,     2,     2,
       2,     2,     2,     2,     2,     2,     2,     2,     2,     2,
       2,     2,     2,     2,     2,     2,     2,     2,     2,     2,
       2,    11,     2,    12,     2,     2,     2,     2,     2,     2,
       2,     2,     2,     2,     2,     2,     2,     2,     2,     2,
       2,     2,     2,     2,     2,     2,     2,     2,     2,     2,
       2,     2,     2,     9,     2,    10,    91,     2,     2,     2,
       2,     2,     2,     2,     2,     2,     2,     2,     2,     2,
       2,     2,     2,     2,     2,     2,     2,     2,     2,     2,
       2,     2,     2,     2,     2,     2,     2,     2,     2,     2,
       2,     2,     2,     2,     2,     2,     2,     2,     2,     2,
       2,     2,     2,     2,     2,     2,     2,     2,     2,     2,
       2,     2,     2,     2,     2,     2,     2,     2,     2,     2,
       2,     2,     2,     2,     2,     2,     2,     2,     2,     2,
       2,     2,     2,     2,     2,     2,     2,     2,     2,     2,
       2,     2,     2,     2,     2,     2,     2,     2,     2,     2,
       2,     2,     2,     2,     2,     2,     2,     2,     2,     2,
       2,     2,     2,     2,     2,     2,     2,     2,     2,     2,
       2,     2,     2,     2,     2,     2,     2,     2,     2,     2,
       2,     2,     2,     2,     2,     2,     1,     2,     3,     4,
       5,     6,     7,     8,    20,    21,    22,    23,    24,    25,
      26,    27,    28,    29,    30,    31,    32,    33,    34,    35,
      36,    37,    38,    39,    40,    41,    42,    43,    44,    45,
      46,    47,    48,    49,    50,    51,    52,    53,    54,    55,
      56,    57,    58,    59,    60,    61,    62,    63,    64,    65,
      66,    67,    68,    69,    70,    71,    72,    73,    74,    75,
      76,    77,    78,    80,    83,    84,    85,    86,    87,    88,
      89,    92,    93,    94,    95,    96,    97,    98,    99,   100
};

#if YYDEBUG
/* YYPRHS[YYN] -- Index of the first RHS symbol of rule number YYN in
   YYRHS.  */
static const yytype_uint16 yyprhs[] =
{
       0,     0,     3,     4,     9,    10,    14,    15,    19,    20,
      24,    25,    29,    30,    34,    39,    47,    48,    53,    54,
      55,    58,    59,    62,    64,    66,    69,    72,    74,    79,
      80,    88,    89,    96,   101,   102,   110,   118,   126,   133,
     140,   143,   152,   161,   162,   163,   177,   187,   196,   197,
     208,   218,   226,   229,   230,   239,   242,   245,   247,   250,
     251,   255,   257,   259,   263,   267,   271,   275,   279,   283,
     284,   287,   294,   295,   298,   299,   300,   302,   303,   305,
     307,   309,   311,   313,   314,   315,   316,   317,   319,   321,
     322,   324,   325,   328,   330,   333,   335,   336,   338,   340,
     342,   346,   347,   349,   352,   356,   358,   360,   363,   367,
     369,   370,   372,   373,   375,   376,   381,   383,   385,   390,
     392,   394,   400,   404,   408,   412,   414,   417,   421,   423,
     427,   433,   440,   444,   448,   454,   457,   462,   463,   469,
     471,   473,   479,   484,   490,   495,   501,   508,   514,   519,
     525,   530,   534,   541,   546,   552,   556,   560,   564,   568,
     572,   576,   580,   584,   588,   592,   596,   600,   604,   608,
     611,   614,   617,   620,   623,   626,   629,   632,   635,   639,
     642,   647,   651,   657,   662,   665,   668,   670,   672,   674,
     676,   682,   685,   689,   691,   694,   698,   700,   703,   705,
     707,   709,   711,   713,   715,   720,   725,   731,   737,   739,
     741,   745,   750,   754,   759,   764,   769,   774,   779,   781,
     784,   787,   789,   792,   795,   797,   800,   802,   805,   807,
     811,   813,   817,   819,   823,   828,   829,   836,   838,   840,
     842,   846,   849,   854,   858,   861,   863,   865,   867,   868,
     870,   871,   873,   874,   877,   879,   881,   883,   885,   887,
     889,   892,   895,   898,   901,   904,   907,   910,   915,   918,
     920,   924,   926,   930,   932,   936,   938,   940,   942
};

/* YYRHS -- A `-1'-separated list of the rules' RHS.  */
static const yytype_int16 yyrhs[] =
{
     108,     0,    -1,    -1,     3,   109,   117,   120,    -1,    -1,
       4,   110,   181,    -1,    -1,     5,   111,   115,    -1,    -1,
       6,   112,   124,    -1,    -1,     7,   113,   122,    -1,    -1,
       8,   114,   120,    -1,     9,   117,   120,    10,    -1,    18,
     117,   103,    73,   121,   103,    19,    -1,    -1,     9,   119,
     120,    10,    -1,    -1,    -1,   120,   122,    -1,    -1,   121,
     132,    -1,   124,    -1,   123,    -1,    33,   124,    -1,    33,
     123,    -1,    32,    -1,    34,   146,   143,   116,    -1,    -1,
      35,   147,   144,   125,   148,   149,   162,    -1,    -1,    36,
     147,   144,   126,   149,   164,    -1,    39,    20,    20,   103,
      -1,    -1,    40,   144,   127,    20,    20,   180,   103,    -1,
      43,   102,   117,   141,   101,   118,   135,    -1,    44,   102,
     117,   141,   101,   118,   135,    -1,    49,   102,   117,   141,
     101,   118,    -1,    50,   102,   117,   141,   101,   118,    -1,
      51,   115,    -1,    41,   102,   117,   139,   101,   137,   118,
     136,    -1,    42,   102,   117,   140,   101,   137,   118,   136,
      -1,    -1,    -1,    48,   102,   117,   142,   103,   128,   139,
     103,   129,   137,   142,   101,   118,    -1,    48,    69,   117,
     183,   102,   141,   101,   118,   136,    -1,    48,   188,   102,
     117,   141,   101,   118,   136,    -1,    -1,    48,   186,   117,
     184,   130,   102,   141,   101,   118,   136,    -1,    48,    92,
     185,   102,   117,   141,   101,   118,   136,    -1,    48,   102,
     117,   141,   101,   118,   136,    -1,   115,   136,    -1,    -1,
      39,    20,    20,     9,   117,   131,   120,    10,    -1,   134,
     103,    -1,    54,   103,    -1,   103,    -1,    23,   133,    -1,
      -1,    72,   120,    73,    -1,     1,    -1,   166,    -1,   166,
      43,   166,    -1,   166,    44,   166,    -1,   166,    41,   166,
      -1,   166,    42,   140,    -1,   166,    48,   166,    -1,   166,
      50,   166,    -1,    -1,    45,   118,    -1,    46,   102,   141,
     101,   118,   135,    -1,    -1,    47,   115,    -1,    -1,    -1,
     134,    -1,    -1,   166,    -1,   166,    -1,   166,    -1,   138,
      -1,    20,    -1,    -1,    -1,    -1,    -1,    20,    -1,    25,
      -1,    -1,    23,    -1,    -1,    71,    23,    -1,    71,    -1,
      71,    23,    -1,    71,    -1,    -1,    25,    -1,    15,    -1,
      16,    -1,   152,   151,   154,    -1,    -1,    80,    -1,    80,
     176,    -1,   104,   151,   154,    -1,   155,    -1,   153,    -1,
     157,    79,    -1,   157,    79,   156,    -1,   156,    -1,    -1,
     157,    -1,    -1,   160,    -1,    -1,   102,   161,   158,   101,
      -1,   163,    -1,   103,    -1,   117,     9,   120,    10,    -1,
     165,    -1,   103,    -1,   117,   159,     9,   120,    10,    -1,
     166,    77,   166,    -1,   166,    76,   166,    -1,   166,    75,
     166,    -1,   167,    -1,   167,    79,    -1,   167,    79,   176,
      -1,   176,    -1,    59,   196,   167,    -1,    57,   102,   196,
     166,   101,    -1,   176,   100,   170,   102,   181,   101,    -1,
     176,   100,   170,    -1,    21,   196,   180,    -1,    22,   196,
     102,   181,   101,    -1,    59,   180,    -1,    57,   102,   181,
     101,    -1,    -1,    30,   145,   115,   169,   180,    -1,    21,
      -1,   188,    -1,   195,     9,   166,   103,    10,    -1,   188,
      11,   166,    12,    -1,   176,   100,    11,   166,    12,    -1,
     171,    11,   166,    12,    -1,   188,     9,   166,   103,    10,
      -1,   176,   100,     9,   166,   103,    10,    -1,   171,     9,
     166,   103,    10,    -1,   176,   100,   102,   101,    -1,   176,
     100,   102,   166,   101,    -1,   171,   102,   166,   101,    -1,
     171,   102,   101,    -1,   102,   166,   101,    11,   166,    12,
      -1,    26,    11,   166,    12,    -1,   102,   101,    11,   166,
      12,    -1,   176,    80,   176,    -1,   176,    94,   176,    -1,
     176,    62,   176,    -1,   176,    63,   176,    -1,   176,    88,
     176,    -1,   176,    60,   176,    -1,   176,    61,   176,    -1,
     176,    87,   176,    -1,   176,    86,   176,    -1,   176,    53,
     176,    -1,   176,    85,   176,    -1,   176,    84,   176,    -1,
     176,    83,   176,    -1,   176,    89,   176,    -1,    13,   176,
      -1,    14,   176,    -1,    90,   176,    -1,    91,   176,    -1,
     176,    97,    -1,   176,    96,    -1,   176,    95,    -1,    99,
     176,    -1,    98,   176,    -1,    11,   166,    12,    -1,    11,
      12,    -1,    66,   166,   103,    10,    -1,    66,   103,    10,
      -1,    37,   145,   148,   149,   163,    -1,    38,   145,   149,
     165,    -1,    65,   176,    -1,    65,   115,    -1,   172,    -1,
     173,    -1,   174,    -1,   175,    -1,   176,    81,   176,    82,
     176,    -1,    92,   176,    -1,    69,    92,   176,    -1,   178,
      -1,    68,   176,    -1,   102,   166,   101,    -1,    26,    -1,
     102,   101,    -1,   188,    -1,   192,    -1,   190,    -1,   189,
      -1,   191,    -1,   171,    -1,   193,    11,   166,    12,    -1,
     194,    11,   166,    12,    -1,   193,     9,   166,   103,    10,
      -1,   194,     9,   166,   103,    10,    -1,    23,    -1,   187,
      -1,   187,   102,   101,    -1,   187,   102,   166,   101,    -1,
      67,   147,   180,    -1,   176,   100,   104,   105,    -1,   176,
     100,    15,   105,    -1,   176,   100,    16,   105,    -1,   176,
     100,    17,   105,    -1,   176,   100,   105,   105,    -1,    52,
      -1,    52,   176,    -1,    78,   167,    -1,    58,    -1,    58,
     115,    -1,    58,   176,    -1,    70,    -1,    70,   176,    -1,
      29,    -1,    29,   176,    -1,    55,    -1,    55,   102,   101,
      -1,    27,    -1,    27,   102,   101,    -1,    28,    -1,    56,
     102,   101,    -1,    56,   102,   166,   101,    -1,    -1,    24,
     177,   102,   167,   182,   101,    -1,    20,    -1,   168,    -1,
      31,    -1,    69,   179,   150,    -1,    69,   179,    -1,    69,
      92,   179,   150,    -1,   102,   166,   101,    -1,   102,   101,
      -1,   188,    -1,   190,    -1,   189,    -1,    -1,   167,    -1,
      -1,   166,    -1,    -1,   106,   166,    -1,   188,    -1,   188,
      -1,   189,    -1,   190,    -1,   184,    -1,   187,    -1,    69,
      92,    -1,    92,    69,    -1,    17,   196,    -1,   104,   196,
      -1,    15,   196,    -1,    16,   196,    -1,    64,   196,    -1,
     176,   100,    64,   105,    -1,   105,   196,    -1,   189,    -1,
     176,   100,    15,    -1,   190,    -1,   176,   100,    16,    -1,
     192,    -1,   176,   100,   105,    -1,    20,    -1,   188,    -1,
     115,    -1,    25,    -1
};

/* YYRLINE[YYN] -- source line where rule number YYN was defined.  */
static const yytype_uint16 yyrline[] =
{
       0,   119,   119,   118,   130,   129,   140,   139,   153,   152,
     166,   165,   179,   178,   191,   199,   207,   211,   219,   225,
     226,   236,   237,   246,   250,   254,   261,   271,   273,   286,
     283,   307,   302,   323,   331,   330,   339,   345,   351,   356,
     358,   360,   367,   375,   377,   374,   394,   399,   406,   405,
     420,   428,   434,   441,   440,   455,   459,   464,   472,   490,
     491,   496,   498,   500,   502,   504,   506,   508,   511,   517,
     518,   523,   534,   535,   541,   547,   548,   553,   556,   560,
     565,   569,   573,   574,   578,   584,   589,   594,   595,   600,
     601,   606,   607,   609,   614,   616,   628,   629,   634,   636,
     640,   660,   661,   663,   669,   734,   736,   742,   744,   748,
     754,   755,   760,   761,   766,   765,   819,   820,   825,   836,
     837,   840,   851,   853,   855,   857,   861,   863,   868,   872,
     876,   880,   886,   891,   897,   903,   905,   908,   907,   918,
     919,   923,   927,   930,   935,   940,   943,   947,   951,   957,
     965,   972,   978,   980,   982,   987,   989,   991,   996,   998,
    1000,  1002,  1004,  1006,  1008,  1010,  1012,  1014,  1016,  1021,
    1023,  1026,  1028,  1030,  1033,  1036,  1047,  1050,  1057,  1059,
    1061,  1063,  1065,  1068,  1074,  1076,  1080,  1081,  1082,  1083,
    1084,  1086,  1088,  1090,  1092,  1094,  1096,  1098,  1100,  1102,
    1104,  1106,  1108,  1110,  1112,  1122,  1132,  1142,  1152,  1154,
    1156,  1159,  1164,  1168,  1170,  1172,  1174,  1177,  1179,  1182,
    1184,  1186,  1188,  1190,  1192,  1194,  1196,  1198,  1201,  1203,
    1205,  1207,  1209,  1211,  1215,  1218,  1217,  1230,  1231,  1232,
    1236,  1238,  1240,  1245,  1247,  1250,  1252,  1254,  1259,  1261,
    1266,  1267,  1272,  1273,  1279,  1283,  1284,  1285,  1288,  1289,
    1292,  1293,  1296,  1300,  1304,  1310,  1316,  1318,  1322,  1326,
    1327,  1331,  1332,  1336,  1337,  1342,  1344,  1346,  1349
};
#endif

#if YYDEBUG || YYERROR_VERBOSE || YYTOKEN_TABLE
/* YYTNAME[SYMBOL-NUM] -- String name of the symbol SYMBOL-NUM.
   First, the terminals, then, starting at YYNTOKENS, nonterminals.  */
static const char *const yytname[] =
{
  "$end", "error", "$undefined", "GRAMPROG", "GRAMEXPR", "GRAMBLOCK",
  "GRAMBARESTMT", "GRAMFULLSTMT", "GRAMSTMTSEQ", "'{'", "'}'", "'['",
  "']'", "'-'", "'+'", "'@'", "'%'", "'&'", "'='", "'.'", "BAREWORD",
  "METHOD", "FUNCMETH", "THING", "PMFUNC", "PRIVATEREF", "QWLIST",
  "FUNC0OP", "FUNC0SUB", "UNIOPSUB", "LSTOPSUB", "PLUGEXPR", "PLUGSTMT",
  "LABEL", "FORMAT", "SUB", "SIGSUB", "ANONSUB", "ANON_SIGSUB", "PACKAGE",
  "USE", "WHILE", "UNTIL", "IF", "UNLESS", "ELSE", "ELSIF", "CONTINUE",
  "FOR", "GIVEN", "WHEN", "DEFAULT", "LOOPEX", "DOTDOT", "YADAYADA",
  "FUNC0", "FUNC1", "FUNC", "UNIOP", "LSTOP", "RELOP", "EQOP", "MULOP",
  "ADDOP", "DOLSHARP", "DO", "HASHBRACK", "NOAMP", "LOCAL", "MY",
  "REQUIRE", "COLONATTR", "FORMLBRACK", "FORMRBRACK", "PREC_LOW", "DOROP",
  "OROP", "ANDOP", "NOTOP", "','", "ASSIGNOP", "'?'", "':'", "DORDOR",
  "OROR", "ANDAND", "BITOROP", "BITANDOP", "SHIFTOP", "MATCHOP", "'!'",
  "'~'", "REFGEN", "UMINUS", "POWOP", "POSTJOIN", "POSTDEC", "POSTINC",
  "PREDEC", "PREINC", "ARROW", "')'", "'('", "';'", "'$'", "'*'", "'/'",
  "$accept", "grammar", "@1", "@2", "@3", "@4", "@5", "@6", "block",
  "formblock", "remember", "mblock", "mremember", "stmtseq", "formstmtseq",
  "fullstmt", "labfullstmt", "barestmt", "@7", "@8", "@9", "@10", "@11",
  "@12", "@13", "formline", "formarg", "sideff", "else", "cont", "mintro",
  "nexpr", "texpr", "iexpr", "mexpr", "mnexpr", "formname", "startsub",
  "startanonsub", "startformsub", "subname", "proto", "subattrlist",
  "myattrlist", "sigvarname", "sigslurpsigil", "sigslurpelem",
  "sigdefault", "sigscalarelem", "sigelem", "siglist", "siglistornull",
  "optsubsignature", "subsignature", "@14", "optsubbody", "subbody",
  "optsigsubbody", "sigsubbody", "expr", "listexpr", "listop", "@15",
  "method", "subscripted", "termbinop", "termunop", "anonymous", "termdo",
  "term", "@16", "myattrterm", "myterm", "optlistexpr", "optexpr",
  "optrepl", "my_scalar", "my_var", "refgen_topic", "my_refgen", "amper",
  "scalar", "ary", "hsh", "arylen", "star", "sliceme", "kvslice", "gelem",
  "indirob", 0
};
#endif

# ifdef YYPRINT
/* YYTOKNUM[YYLEX-NUM] -- Internal token number corresponding to
   token YYLEX-NUM.  */
static const yytype_uint16 yytoknum[] =
{
       0,   256,   257,   258,   259,   260,   261,   262,   263,   123,
     125,    91,    93,    45,    43,    64,    37,    38,    61,    46,
     264,   265,   266,   267,   268,   269,   270,   271,   272,   273,
     274,   275,   276,   277,   278,   279,   280,   281,   282,   283,
     284,   285,   286,   287,   288,   289,   290,   291,   292,   293,
     294,   295,   296,   297,   298,   299,   300,   301,   302,   303,
     304,   305,   306,   307,   308,   309,   310,   311,   312,   313,
     314,   315,   316,   317,   318,   319,   320,   321,   322,    44,
     323,    63,    58,   324,   325,   326,   327,   328,   329,   330,
      33,   126,   331,   332,   333,   334,   335,   336,   337,   338,
     339,    41,    40,    59,    36,    42,    47
};
# endif

/* YYR1[YYN] -- Symbol number of symbol that rule YYN derives.  */
static const yytype_uint8 yyr1[] =
{
       0,   107,   109,   108,   110,   108,   111,   108,   112,   108,
     113,   108,   114,   108,   115,   116,   117,   118,   119,   120,
     120,   121,   121,   122,   122,   123,   123,   124,   124,   125,
     124,   126,   124,   124,   127,   124,   124,   124,   124,   124,
     124,   124,   124,   128,   129,   124,   124,   124,   130,   124,
     124,   124,   124,   131,   124,   124,   124,   124,   132,   133,
     133,   134,   134,   134,   134,   134,   134,   134,   134,   135,
     135,   135,   136,   136,   137,   138,   138,   139,   139,   140,
     141,   142,   143,   143,   144,   145,   146,   147,   147,   148,
     148,   149,   149,   149,   150,   150,   151,   151,   152,   152,
     153,   154,   154,   154,   155,   156,   156,   157,   157,   157,
     158,   158,   159,   159,   161,   160,   162,   162,   163,   164,
     164,   165,   166,   166,   166,   166,   167,   167,   167,   168,
     168,   168,   168,   168,   168,   168,   168,   169,   168,   170,
     170,   171,   171,   171,   171,   171,   171,   171,   171,   171,
     171,   171,   171,   171,   171,   172,   172,   172,   172,   172,
     172,   172,   172,   172,   172,   172,   172,   172,   172,   173,
     173,   173,   173,   173,   173,   173,   173,   173,   174,   174,
     174,   174,   174,   174,   175,   175,   176,   176,   176,   176,
     176,   176,   176,   176,   176,   176,   176,   176,   176,   176,
     176,   176,   176,   176,   176,   176,   176,   176,   176,   176,
     176,   176,   176,   176,   176,   176,   176,   176,   176,   176,
     176,   176,   176,   176,   176,   176,   176,   176,   176,   176,
     176,   176,   176,   176,   176,   177,   176,   176,   176,   176,
     178,   178,   178,   179,   179,   179,   179,   179,   180,   180,
     181,   181,   182,   182,   183,   184,   184,   184,   185,   185,
     186,   186,   187,   188,   189,   190,   191,   191,   192,   193,
     193,   194,   194,   195,   195,   196,   196,   196,   196
};

/* YYR2[YYN] -- Number of symbols composing right hand side of rule YYN.  */
static const yytype_uint8 yyr2[] =
{
       0,     2,     0,     4,     0,     3,     0,     3,     0,     3,
       0,     3,     0,     3,     4,     7,     0,     4,     0,     0,
       2,     0,     2,     1,     1,     2,     2,     1,     4,     0,
       7,     0,     6,     4,     0,     7,     7,     7,     6,     6,
       2,     8,     8,     0,     0,    13,     9,     8,     0,    10,
       9,     7,     2,     0,     8,     2,     2,     1,     2,     0,
       3,     1,     1,     3,     3,     3,     3,     3,     3,     0,
       2,     6,     0,     2,     0,     0,     1,     0,     1,     1,
       1,     1,     1,     0,     0,     0,     0,     1,     1,     0,
       1,     0,     2,     1,     2,     1,     0,     1,     1,     1,
       3,     0,     1,     2,     3,     1,     1,     2,     3,     1,
       0,     1,     0,     1,     0,     4,     1,     1,     4,     1,
       1,     5,     3,     3,     3,     1,     2,     3,     1,     3,
       5,     6,     3,     3,     5,     2,     4,     0,     5,     1,
       1,     5,     4,     5,     4,     5,     6,     5,     4,     5,
       4,     3,     6,     4,     5,     3,     3,     3,     3,     3,
       3,     3,     3,     3,     3,     3,     3,     3,     3,     2,
       2,     2,     2,     2,     2,     2,     2,     2,     3,     2,
       4,     3,     5,     4,     2,     2,     1,     1,     1,     1,
       5,     2,     3,     1,     2,     3,     1,     2,     1,     1,
       1,     1,     1,     1,     4,     4,     5,     5,     1,     1,
       3,     4,     3,     4,     4,     4,     4,     4,     1,     2,
       2,     1,     2,     2,     1,     2,     1,     2,     1,     3,
       1,     3,     1,     3,     4,     0,     6,     1,     1,     1,
       3,     2,     4,     3,     2,     1,     1,     1,     0,     1,
       0,     1,     0,     2,     1,     1,     1,     1,     1,     1,
       2,     2,     2,     2,     2,     2,     2,     4,     2,     1,
       3,     1,     3,     1,     3,     1,     1,     1,     1
};

/* YYDEFACT[STATE-NAME] -- Default rule to reduce with in state
   STATE-NUM when YYTABLE doesn't specify something else to do.  Zero
   means the default is an error.  */
static const yytype_uint16 yydefact[] =
{
       0,     2,     4,     6,     8,    10,    12,     0,    16,   250,
       0,     0,     0,    19,     1,    19,     0,     0,     0,     0,
       0,     0,   237,     0,     0,   208,   235,   196,   230,   232,
     226,    85,   239,    85,    85,   218,   228,     0,     0,   221,
     248,     0,     0,     0,     0,     0,     0,   224,     0,     0,
       0,     0,     0,     0,     0,     0,     0,   251,   125,   238,
     203,   186,   187,   188,   189,   128,   193,     5,   209,   198,
     201,   200,   202,   199,     0,     0,     0,    16,     7,    61,
      27,    86,     0,     0,     0,    84,     0,     0,     0,     0,
       0,     0,     0,     0,     0,    57,    72,     9,     0,    62,
       0,    11,    24,    23,     0,     0,   179,     0,   169,   170,
     275,   278,   277,   276,   264,   265,   262,   248,     0,     0,
       0,     0,   227,     0,    89,    91,   219,     0,     0,   250,
     222,   223,   275,   249,   135,   276,     0,   266,   185,   184,
       0,     0,    87,    88,   248,   194,     0,     0,   241,   245,
     247,   246,   225,   220,   171,   172,   191,   177,   176,   197,
       0,   263,   268,     0,     0,     0,   126,     0,     0,     0,
       0,     0,     0,     0,     0,     0,     0,     0,     0,     0,
       0,     0,     0,     0,     0,   175,   174,   173,     0,     0,
       0,     0,     0,     0,     0,     0,     0,    19,    83,    84,
      84,     0,    34,    16,    16,    16,    16,    16,     0,    16,
      16,     0,    16,    16,    40,    56,     0,    52,    55,     0,
       0,     0,     0,     0,     0,    26,    25,    20,   178,   133,
     250,     0,     0,   231,   137,    90,    91,    93,    16,   229,
     233,     0,     0,     0,   129,   181,     0,   212,     0,   192,
       0,   198,   201,   200,   244,     0,    95,   240,     0,   195,
     124,   123,   122,   127,     0,     0,   151,     0,   164,   160,
     161,   157,   158,   155,     0,   167,   166,   165,   163,   162,
     159,   168,   156,     0,     0,   270,   272,     0,   139,     0,
       0,     0,   274,   132,   140,   210,     0,     0,     0,     0,
       0,     0,     0,     0,     0,    82,     0,    29,    31,     0,
       0,    77,     0,     0,     0,   260,     0,   261,   258,     0,
     259,   255,   256,   257,     0,     0,    16,     0,     0,    73,
      65,    66,    79,    63,    64,    67,    68,     0,   252,   153,
     248,    16,    92,   112,   183,   234,   136,     0,   180,   197,
       0,   242,   243,    94,     0,     0,     0,   144,   150,     0,
       0,     0,   214,   215,   216,   267,   148,     0,   213,   217,
     250,   211,     0,   142,     0,   204,     0,   205,     0,    14,
      16,    28,    89,    91,    16,    33,     0,     0,    78,     0,
       0,    80,     0,     0,   254,    16,    76,    81,     0,     0,
      62,    48,     0,     0,     0,   134,     0,     0,   138,     0,
     182,   114,     0,   113,   130,   195,   154,     0,   147,   190,
       0,   143,   149,     0,   145,   206,   207,   141,     0,    91,
      16,    53,   248,    74,    74,     0,     0,     0,     0,     0,
      43,     0,     0,     0,     0,   253,   236,    19,   110,    19,
     152,   146,   131,     0,    16,   120,    32,   119,    19,     0,
       0,     0,    18,    69,    69,     0,     0,    72,    77,     0,
       0,    38,    39,     0,    98,    99,    96,    96,   106,   105,
     109,   111,     0,     0,    21,   117,    30,   116,     0,    35,
      72,    72,    19,     0,     0,    36,    37,     0,     0,    51,
       0,     0,    72,   118,    97,   101,   101,   107,   115,   121,
       0,    54,    41,    42,     0,    70,     0,    72,    72,    44,
       0,    47,   102,   104,   100,   108,    59,     0,    22,    17,
       0,    46,    50,    74,    72,   103,    19,    58,    15,     0,
       0,    49,     0,    69,     0,    60,    71,     0,    45
};

/* YYDEFGOTO[NTERM-NUM].  */
static const yytype_int16 yydefgoto[] =
{
      -1,     7,     8,     9,    10,    11,    12,    13,    96,   381,
     343,   463,   492,   104,   510,   227,   102,   103,   382,   383,
     310,   468,   533,   441,   458,   528,   537,    98,   495,   217,
     460,   397,   387,   331,   390,   399,   306,   202,   123,   198,
     144,   236,   238,   257,   505,   477,   478,   523,   479,   480,
     481,   482,   412,   413,   448,   486,   410,   456,   344,    99,
      58,    59,   340,   293,    60,    61,    62,    63,    64,    65,
     119,    66,   148,   134,    67,   407,   393,   318,   319,   210,
      68,    69,    70,    71,    72,    73,    74,    75,    76,   161
};

/* YYPACT[STATE-NUM] -- Index in YYTABLE of the portion describing
   STATE-NUM.  */
#define YYPACT_NINF -450
static const yytype_int16 yypact[] =
{
     498,  -450,  -450,  -450,  -450,  -450,  -450,    40,  -450,  2864,
       2,  1530,  1431,  -450,  -450,  -450,  2009,  2864,  2864,    -4,
      -4,    -4,  -450,    -4,    -4,  -450,  -450,     9,   -40,  -450,
    2864,  -450,  -450,  -450,  -450,  2864,   -32,   -29,     0,  1914,
    1817,    -4,  1914,  2104,    28,  2864,     7,  2864,  2864,  2864,
    2864,  2864,  2864,  2864,  2199,    -4,    -4,    83,    51,  -450,
      20,  -450,  -450,  -450,  -450,  3030,  -450,  -450,     5,     8,
      49,    75,  -450,   115,   103,   135,   130,  -450,  -450,  -450,
    -450,  -450,    28,    28,   123,  -450,    48,    50,    62,    66,
     211,    69,    79,     2,    44,  -450,   136,  -450,    95,   669,
    1431,  -450,  -450,  -450,   638,   738,  -450,    65,   626,   626,
    -450,  -450,  -450,  -450,  -450,  -450,  -450,  2864,   112,   114,
    2864,    76,   357,     2,   200,   155,  3030,   139,  2294,  1817,
    -450,   357,   540,    51,  -450,   447,  2864,  -450,  -450,   357,
     227,   189,  -450,  -450,  2864,   357,  2959,  2389,   174,  -450,
    -450,  -450,   357,    51,   626,   626,   626,   714,   714,   236,
     -26,  -450,  -450,  2864,  2864,  2864,  2864,  2864,  2864,  2484,
    2864,  2864,  2864,  2864,  2864,  2864,  2864,  2864,  2864,  2864,
    2864,  2864,  2864,  2864,  2864,  -450,  -450,  -450,    74,  2579,
    2864,  2864,  2864,  2864,  2864,  2864,  2864,  -450,   237,  -450,
    -450,   238,  -450,  -450,  -450,  -450,  -450,   159,    27,  -450,
    -450,   160,  -450,  -450,  -450,  -450,     2,  -450,  -450,  2864,
    2864,  2864,  2864,  2864,  2864,  -450,  -450,  -450,  -450,  -450,
    2864,  2864,    80,  -450,  -450,  -450,   155,   240,  -450,  -450,
    -450,   385,   167,  2864,    51,  -450,   263,  -450,  2674,   626,
     174,    45,    52,    58,  -450,   417,   253,  -450,  2864,   266,
     216,   216,  -450,  3030,   294,   109,  -450,   485,  1613,  2089,
    1899,   480,   333,  3030,  2985,   510,   510,  1705,  1802,  1994,
     376,   626,   626,  2864,  2864,   195,   196,   199,  -450,   209,
    2769,    -7,   215,   192,  -450,  -450,   488,   304,   184,   308,
     222,   365,   231,   408,   837,  -450,   303,  -450,  -450,     3,
     307,  2864,  2864,  2864,  2864,  -450,   219,  -450,  -450,   228,
    -450,  -450,  -450,  -450,  1625,    11,  -450,  2864,  2864,  -450,
      83,  -450,    83,    83,    83,    83,    83,   242,   -34,  -450,
    2864,  -450,  -450,   252,  -450,  -450,  -450,   491,  -450,    22,
     555,  -450,  -450,  -450,   260,  2864,   319,  -450,  -450,  2864,
     482,   271,  -450,  -450,  -450,  -450,  -450,   608,  -450,  -450,
    2864,  -450,   328,  -450,   329,  -450,   346,  -450,   347,  -450,
    -450,  -450,   200,   155,  -450,  -450,   339,   264,    83,   265,
     272,    83,   277,   262,  -450,  -450,  -450,  -450,   285,   269,
     348,  -450,  2864,   286,   292,  -450,  2864,   293,  -450,   390,
    -450,  -450,   392,  -450,  -450,    46,  -450,   274,  -450,  3075,
     393,  -450,  -450,   301,  -450,  -450,  -450,  -450,   302,   155,
     305,  -450,  2864,  -450,  -450,   400,   400,  2864,  2864,   400,
    -450,   310,   312,   400,   400,    83,  -450,  -450,    21,  -450,
    -450,  -450,  -450,   342,   315,  -450,  -450,  -450,  -450,   323,
     400,   400,  -450,    42,    42,   330,   354,   136,  2864,  2864,
     400,  -450,  -450,   936,  -450,  -450,   423,   423,  -450,  -450,
    -450,   384,   363,  1035,  -450,  -450,  -450,  -450,  1134,  -450,
     136,   136,  -450,   400,   367,  -450,  -450,   400,   400,  -450,
     371,   374,   136,  -450,  -450,   398,   398,    21,  -450,  -450,
      32,  -450,  -450,  -450,  1233,  -450,  2864,   136,   136,  -450,
     400,  -450,  2864,  -450,  -450,  -450,   407,   462,  -450,  -450,
     381,  -450,  -450,  -450,   136,  3030,  -450,  -450,  -450,   400,
    1720,  -450,  1332,    42,   386,  -450,  -450,   400,  -450
};

/* YYPGOTO[NTERM-NUM].  */
static const yytype_int16 yypgoto[] =
{
    -450,  -450,  -450,  -450,  -450,  -450,  -450,  -450,   321,  -450,
      26,  -165,  -450,   -15,  -450,   484,   399,    19,  -450,  -450,
    -450,  -450,  -450,  -450,  -450,  -450,  -450,  -315,  -449,  -200,
    -428,  -450,    30,   201,  -289,   -28,  -450,  -134,   140,  -450,
     172,   133,  -232,   267,    39,  -450,  -450,    13,  -450,    18,
    -450,  -450,  -450,  -450,  -450,  -450,    84,  -450,   116,    -2,
     -16,  -450,  -450,  -450,  -450,  -450,  -450,  -450,  -450,    29,
    -450,  -450,   403,  -116,  -126,  -450,  -450,   214,  -450,  -450,
     370,   229,   -38,   -36,  -450,  -450,  -450,  -450,  -450,   113
};

/* YYTABLE[YYPACT[STATE-NUM]].  What to do in state STATE-NUM.  If
   positive, shift that token.  If negative, reduce the rule which
   number is the opposite.  If zero, do what YYDEFACT says.
   If YYTABLE_NINF, syntax error.  */
#define YYTABLE_NINF -274
static const yytype_int16 yytable[] =
{
     105,   229,    77,   242,   341,    77,   461,    57,   150,   396,
     151,    77,   384,   110,   107,   496,   110,   190,   111,   191,
     120,   111,    19,    20,   133,   392,    19,    20,   247,   167,
      97,   168,   153,   258,    15,   398,   474,   475,   403,   404,
      14,   141,    19,    20,    21,   166,   108,   109,   142,   163,
     164,   165,   160,   143,   190,   526,   191,   355,  -269,   122,
    -269,  -269,   121,  -269,   126,   307,   308,  -271,   131,  -271,
     127,   139,   406,   128,   145,   259,   152,   228,   154,   155,
     156,   157,   158,   283,  -271,   284,  -271,   493,   494,   285,
     286,   287,   339,  -244,   546,   288,   317,    55,   368,   146,
      55,   133,   129,   197,   337,   540,   385,   189,   252,   147,
     253,    55,   192,   442,   193,    55,  -245,  -243,   232,   226,
     244,   357,   169,  -247,  -273,   476,   241,    57,   133,  -246,
     166,    55,   114,   115,   116,   527,   117,   118,   289,   196,
     163,   164,   165,   201,   194,   255,   195,   215,   465,   466,
     203,   430,   204,   136,   137,   163,   164,   165,   163,   164,
     165,   260,   261,   262,   205,   264,   265,   267,   206,   162,
     322,   212,   323,   124,   125,   249,   290,   233,   291,   292,
     501,   213,   304,   216,   163,   164,   165,   296,   297,   298,
     299,   300,   301,   302,   303,   263,   373,   454,   218,   268,
     269,   270,   271,   272,   273,   274,   275,   276,   277,   278,
     279,   280,   281,   282,   230,   338,   231,   330,   332,   333,
     334,   335,   336,   235,   408,   396,   237,   530,    57,   311,
     312,   313,   314,   316,   375,   324,   325,   245,   327,   328,
     239,   347,   243,   377,   423,   256,   350,   258,   113,   113,
     113,   315,   113,   113,   199,   200,   354,   305,   309,   163,
     164,   165,   326,   342,   163,   164,   165,   499,   346,   135,
     113,   464,   416,   348,   467,   149,   353,   355,   471,   472,
     207,   360,   361,   421,   113,   113,   450,   322,   367,   323,
     512,   513,   246,   165,   370,   490,   491,   163,   164,   165,
     362,   363,   521,   208,   364,   502,   163,   164,   165,   388,
     332,   391,   391,   209,   365,    55,   459,   531,   532,   211,
     369,   380,   400,    55,   133,   391,   391,   386,   515,   418,
     395,    78,   517,   518,   541,   163,   164,   165,   424,   425,
     112,   112,   112,   405,   112,   112,   163,   164,   165,   163,
     164,   165,   402,   417,   411,   534,   426,   427,   135,   432,
     130,   112,   112,   138,   437,   433,   434,   409,    57,   163,
     164,   165,   440,   435,   543,   251,   112,   112,   436,   163,
     164,   165,   548,   163,   164,   165,   439,   443,   419,   219,
     220,   221,   222,   444,   446,   173,   223,   356,   224,   447,
     391,   449,   452,   451,   445,   453,   428,   372,   455,   462,
     431,   374,   469,   470,   214,   484,   133,   294,   485,   173,
     174,   438,   183,   163,   164,   165,   489,   184,   185,   186,
     187,   497,   473,   188,   483,   391,   391,   321,   173,   174,
     163,   164,   165,   488,   234,   182,   183,  -198,   504,   -80,
     112,   184,   185,   186,   187,   498,   190,   188,   191,  -198,
     163,   164,   165,   507,   508,   183,   388,   391,   376,   516,
     184,   185,   186,   187,   519,   520,   188,   514,   522,   536,
     409,   538,   539,   163,   164,   165,   345,   547,  -198,  -198,
    -198,  -198,   163,   164,   165,  -198,   101,  -198,   500,   225,
    -198,     1,     2,     3,     4,     5,     6,  -198,  -198,  -198,
    -198,   378,   544,   389,   391,   429,   506,   351,   352,   524,
     113,   542,  -198,  -198,  -198,   525,  -198,  -198,  -198,  -198,
    -198,  -198,  -198,  -198,  -198,  -198,  -198,   329,   487,   401,
    -237,  -198,  -198,  -198,  -198,   394,   457,  -198,  -198,   250,
    -198,   535,  -237,  -198,   321,     0,     0,   163,   164,   165,
     163,   164,   165,   163,   164,   165,   163,   164,   165,   183,
     171,   172,   173,   174,   184,   185,   186,   187,   320,     0,
     188,  -237,  -237,  -237,  -237,   420,   358,     0,  -237,   371,
    -237,     0,   414,  -237,     0,   179,   180,   181,   182,   183,
    -237,  -237,  -237,  -237,   184,   185,   186,   187,     0,     0,
     188,     0,   112,     0,     0,  -237,  -237,  -237,     0,  -237,
    -237,  -237,  -237,  -237,  -237,  -237,  -237,  -237,  -237,  -237,
     163,   164,   165,     0,  -237,  -237,  -237,  -237,   -13,    79,
    -237,  -237,     0,  -237,     0,     0,  -237,    77,     0,    16,
       0,    17,    18,    19,    20,    21,   415,     0,    22,    23,
      24,    25,    26,     0,    27,    28,    29,    30,    31,    32,
      80,   100,    81,    82,    83,    33,    34,    84,    85,    86,
      87,    88,    89,   163,   164,   165,    90,    91,    92,    93,
      35,     0,    94,    36,    37,    38,    39,    40,     0,     0,
       0,     0,    41,    42,    43,    44,    45,    46,    47,   422,
     219,   220,   221,   222,     0,     0,    48,   223,     0,   224,
     184,   185,   186,   187,     0,     0,   188,     0,    49,    50,
      51,     0,     0,     0,     0,     0,    52,    53,    -3,    79,
      54,    95,    55,    56,   163,   164,   165,    77,     0,    16,
       0,    17,    18,    19,    20,    21,     0,     0,    22,    23,
      24,    25,    26,     0,    27,    28,    29,    30,    31,    32,
      80,   100,    81,    82,    83,    33,    34,    84,    85,    86,
      87,    88,    89,     0,     0,     0,    90,    91,    92,    93,
      35,     0,    94,    36,    37,    38,    39,    40,     0,     0,
       0,     0,    41,    42,    43,    44,    45,    46,    47,  -274,
    -274,  -274,     0,     0,   188,     0,    48,     0,     0,     0,
       0,     0,     0,     0,     0,     0,     0,     0,    49,    50,
      51,     0,     0,     0,     0,     0,    52,    53,    79,     0,
      54,    95,    55,    56,     0,     0,    77,   379,    16,     0,
      17,    18,    19,    20,    21,     0,     0,    22,    23,    24,
      25,    26,     0,    27,    28,    29,    30,    31,    32,    80,
     100,    81,    82,    83,    33,    34,    84,    85,    86,    87,
      88,    89,     0,     0,     0,    90,    91,    92,    93,    35,
       0,    94,    36,    37,    38,    39,    40,     0,     0,     0,
       0,    41,    42,    43,    44,    45,    46,    47,     0,     0,
       0,     0,     0,     0,     0,    48,     0,     0,     0,     0,
       0,     0,     0,     0,     0,     0,     0,    49,    50,    51,
       0,     0,     0,     0,     0,    52,    53,    79,     0,    54,
      95,    55,    56,     0,     0,    77,   503,    16,     0,    17,
      18,    19,    20,    21,     0,     0,    22,    23,    24,    25,
      26,     0,    27,    28,    29,    30,    31,    32,    80,   100,
      81,    82,    83,    33,    34,    84,    85,    86,    87,    88,
      89,     0,     0,     0,    90,    91,    92,    93,    35,     0,
      94,    36,    37,    38,    39,    40,     0,     0,     0,     0,
      41,    42,    43,    44,    45,    46,    47,     0,     0,     0,
       0,     0,     0,     0,    48,     0,     0,     0,     0,     0,
       0,     0,     0,     0,     0,     0,    49,    50,    51,     0,
       0,     0,     0,     0,    52,    53,    79,     0,    54,    95,
      55,    56,     0,     0,    77,   509,    16,     0,    17,    18,
      19,    20,    21,     0,     0,    22,    23,    24,    25,    26,
       0,    27,    28,    29,    30,    31,    32,    80,   100,    81,
      82,    83,    33,    34,    84,    85,    86,    87,    88,    89,
       0,     0,     0,    90,    91,    92,    93,    35,     0,    94,
      36,    37,    38,    39,    40,     0,     0,     0,     0,    41,
      42,    43,    44,    45,    46,    47,     0,     0,     0,     0,
       0,     0,     0,    48,     0,     0,     0,     0,     0,     0,
       0,     0,     0,     0,     0,    49,    50,    51,     0,     0,
       0,     0,     0,    52,    53,    79,     0,    54,    95,    55,
      56,     0,     0,    77,   511,    16,     0,    17,    18,    19,
      20,    21,     0,     0,    22,    23,    24,    25,    26,     0,
      27,    28,    29,    30,    31,    32,    80,   100,    81,    82,
      83,    33,    34,    84,    85,    86,    87,    88,    89,     0,
       0,     0,    90,    91,    92,    93,    35,     0,    94,    36,
      37,    38,    39,    40,     0,     0,     0,     0,    41,    42,
      43,    44,    45,    46,    47,     0,     0,     0,     0,     0,
       0,     0,    48,     0,     0,     0,     0,     0,     0,     0,
       0,     0,     0,     0,    49,    50,    51,     0,     0,     0,
       0,     0,    52,    53,    79,     0,    54,    95,    55,    56,
       0,     0,    77,   529,    16,     0,    17,    18,    19,    20,
      21,     0,     0,    22,    23,    24,    25,    26,     0,    27,
      28,    29,    30,    31,    32,    80,   100,    81,    82,    83,
      33,    34,    84,    85,    86,    87,    88,    89,     0,     0,
       0,    90,    91,    92,    93,    35,     0,    94,    36,    37,
      38,    39,    40,     0,     0,     0,     0,    41,    42,    43,
      44,    45,    46,    47,     0,     0,     0,     0,     0,     0,
       0,    48,     0,     0,     0,     0,     0,     0,     0,     0,
       0,     0,     0,    49,    50,    51,     0,     0,     0,     0,
       0,    52,    53,    79,     0,    54,    95,    55,    56,     0,
       0,    77,     0,    16,     0,    17,    18,    19,    20,    21,
       0,     0,    22,    23,    24,    25,    26,     0,    27,    28,
      29,    30,    31,    32,    80,   100,    81,    82,    83,    33,
      34,    84,    85,    86,    87,    88,    89,     0,     0,     0,
      90,    91,    92,    93,    35,     0,    94,    36,    37,    38,
      39,    40,     0,     0,     0,     0,    41,    42,    43,    44,
      45,    46,    47,     0,     0,   545,     0,     0,     0,     0,
      48,     0,     0,     0,     0,     0,     0,     0,     0,     0,
       0,     0,    49,    50,    51,     0,     0,     0,     0,     0,
      52,    53,    79,     0,    54,    95,    55,    56,     0,     0,
      77,     0,    16,     0,    17,    18,    19,    20,    21,     0,
       0,    22,    23,    24,    25,    26,     0,    27,    28,    29,
      30,    31,    32,    80,   100,    81,    82,    83,    33,    34,
      84,    85,    86,    87,    88,    89,     0,     0,     0,    90,
      91,    92,    93,    35,     0,    94,    36,    37,    38,    39,
      40,     0,     0,     0,     0,    41,    42,    43,    44,    45,
      46,    47,     0,     0,     0,     0,     0,     0,     0,    48,
       0,     0,     0,     0,     0,     0,     0,     0,     0,     0,
       0,    49,    50,    51,     0,     0,     0,     0,     0,    52,
      53,    79,     0,    54,    95,    55,    56,     0,     0,    77,
       0,    16,     0,    17,    18,    19,    20,    21,     0,     0,
      22,    23,    24,    25,    26,     0,    27,    28,    29,    30,
      31,    32,    80,     0,    81,    82,    83,    33,    34,    84,
      85,    86,    87,    88,    89,     0,     0,     0,    90,    91,
      92,    93,    35,     0,    94,    36,    37,    38,    39,    40,
       0,     0,     0,     0,    41,    42,    43,    44,    45,    46,
      47,     0,     0,     0,     0,     0,     0,     0,    48,     0,
       0,     0,     0,     0,     0,     0,     0,     0,     0,     0,
      49,    50,    51,     0,     0,     0,    79,     0,    52,    53,
       0,     0,    54,    95,    55,    56,    16,     0,    17,    18,
      19,    20,    21,     0,     0,    22,    23,    24,    25,    26,
       0,    27,    28,    29,    30,    31,    32,     0,     0,     0,
       0,     0,    33,    34,     0,     0,  -274,     0,     0,     0,
       0,     0,     0,   171,   172,   173,   174,    35,     0,     0,
      36,    37,    38,    39,    40,     0,     0,     0,     0,    41,
      42,    43,    44,    45,    46,    47,   177,   178,   179,   180,
     181,   182,   183,    48,     0,     0,     0,   184,   185,   186,
     187,     0,     0,   188,     0,    49,    50,    51,     0,     0,
       0,    79,     0,    52,    53,     0,     0,    54,   -75,    55,
      56,    16,     0,    17,    18,    19,    20,    21,     0,     0,
      22,    23,    24,    25,    26,     0,    27,    28,    29,    30,
      31,    32,     0,     0,     0,     0,     0,    33,    34,     0,
       0,     0,     0,     0,     0,   171,   172,   173,   174,     0,
       0,     0,    35,     0,     0,    36,    37,    38,    39,    40,
       0,     0,     0,     0,    41,    42,    43,    44,    45,    46,
      47,   180,   181,   182,   183,     0,     0,     0,    48,   184,
     185,   186,   187,     0,     0,   188,     0,     0,     0,     0,
      49,    50,    51,     0,     0,     0,     0,     0,    52,    53,
       0,   -75,    54,     0,    55,    56,    77,     0,    16,     0,
      17,    18,    19,    20,    21,     0,     0,   132,    23,    24,
      25,    26,   111,    27,    28,    29,    30,    31,    32,     0,
       0,     0,     0,     0,    33,    34,     0,     0,     0,     0,
       0,     0,   171,   172,   173,   174,     0,     0,     0,    35,
       0,     0,    36,    37,    38,    39,    40,     0,     0,     0,
       0,    41,    42,    43,    44,    45,    46,    47,     0,   181,
     182,   183,     0,     0,     0,    48,   184,   185,   186,   187,
       0,     0,   188,     0,     0,     0,     0,    49,    50,    51,
       0,     0,     0,     0,     0,    52,    53,     0,     0,    54,
       0,    55,    56,    77,     0,    16,     0,    17,    18,    19,
      20,    21,     0,     0,    22,    23,    24,    25,    26,     0,
      27,    28,    29,    30,    31,    32,     0,     0,     0,     0,
       0,    33,    34,     0,     0,     0,     0,     0,     0,   171,
    -274,   173,   174,     0,     0,     0,    35,     0,     0,    36,
      37,    38,    39,    40,     0,     0,     0,     0,    41,    42,
      43,    44,    45,    46,    47,     0,     0,   182,   183,     0,
       0,     0,    48,   184,   185,   186,   187,     0,     0,   188,
       0,     0,     0,     0,    49,    50,    51,     0,     0,     0,
       0,     0,    52,    53,     0,     0,    54,     0,    55,    56,
      16,   106,    17,    18,    19,    20,    21,     0,     0,    22,
      23,    24,    25,    26,     0,    27,    28,    29,    30,    31,
      32,     0,     0,     0,     0,     0,    33,    34,     0,     0,
       0,     0,     0,     0,   171,   172,   173,   174,     0,     0,
       0,    35,     0,     0,    36,    37,    38,    39,    40,     0,
       0,     0,     0,    41,    42,    43,    44,    45,    46,    47,
       0,     0,   182,   183,     0,     0,     0,    48,   184,   185,
     186,   187,     0,     0,   188,     0,     0,     0,     0,    49,
      50,    51,     0,     0,     0,     0,     0,    52,    53,     0,
       0,    54,     0,    55,    56,    16,     0,    17,    18,    19,
      20,    21,     0,     0,    22,    23,    24,    25,    26,     0,
      27,    28,    29,    30,    31,    32,     0,     0,     0,     0,
       0,    33,    34,     0,     0,     0,     0,     0,     0,  -274,
       0,   173,   174,     0,     0,     0,    35,     0,     0,    36,
      37,    38,    39,    40,     0,     0,     0,     0,    41,    42,
      43,    44,    45,    46,    47,     0,     0,   182,   183,     0,
       0,     0,    48,   184,   185,   186,   187,     0,     0,   188,
       0,     0,     0,     0,    49,    50,    51,     0,     0,     0,
       0,     0,    52,    53,     0,     0,    54,   140,    55,    56,
      16,     0,    17,    18,    19,    20,    21,     0,     0,    22,
      23,    24,    25,    26,     0,    27,    28,    29,    30,    31,
      32,     0,     0,     0,     0,     0,    33,    34,     0,     0,
       0,     0,     0,     0,     0,     0,     0,     0,     0,     0,
       0,    35,     0,     0,    36,    37,    38,    39,    40,     0,
       0,     0,     0,    41,    42,    43,    44,    45,    46,    47,
       0,     0,     0,     0,     0,     0,     0,    48,     0,     0,
       0,     0,     0,     0,     0,     0,     0,     0,     0,    49,
      50,    51,     0,     0,     0,     0,     0,    52,    53,     0,
     159,    54,     0,    55,    56,    16,     0,    17,    18,    19,
      20,    21,     0,     0,    22,    23,    24,    25,    26,     0,
      27,    28,    29,    30,    31,    32,     0,     0,     0,     0,
       0,    33,    34,     0,     0,     0,     0,     0,     0,     0,
       0,     0,     0,     0,     0,     0,    35,     0,     0,    36,
      37,    38,    39,    40,     0,     0,     0,     0,    41,    42,
      43,    44,    45,    46,    47,     0,     0,     0,     0,     0,
       0,     0,    48,     0,     0,     0,     0,     0,     0,     0,
       0,     0,     0,     0,    49,    50,    51,     0,     0,     0,
       0,     0,    52,    53,     0,   240,    54,     0,    55,    56,
      16,     0,    17,    18,    19,    20,    21,     0,     0,    22,
      23,    24,    25,    26,     0,    27,    28,    29,    30,    31,
      32,     0,     0,     0,     0,     0,    33,    34,     0,     0,
       0,     0,     0,     0,     0,     0,     0,     0,     0,     0,
       0,    35,     0,     0,    36,    37,    38,    39,    40,     0,
       0,     0,     0,    41,    42,    43,    44,    45,    46,    47,
       0,     0,     0,     0,     0,     0,     0,    48,     0,     0,
       0,     0,     0,     0,     0,     0,     0,     0,     0,    49,
      50,    51,     0,     0,     0,     0,     0,    52,    53,     0,
     254,    54,     0,    55,    56,    16,     0,    17,    18,    19,
      20,    21,     0,     0,    22,    23,    24,    25,    26,     0,
      27,    28,    29,    30,    31,    32,     0,     0,     0,     0,
       0,    33,    34,     0,     0,     0,     0,     0,     0,     0,
       0,     0,     0,     0,     0,     0,    35,     0,     0,    36,
      37,    38,    39,    40,     0,     0,     0,     0,    41,    42,
      43,    44,    45,    46,    47,     0,     0,     0,     0,     0,
       0,     0,    48,     0,     0,     0,     0,     0,     0,     0,
       0,     0,     0,     0,    49,    50,    51,     0,     0,     0,
       0,     0,    52,    53,     0,   266,    54,     0,    55,    56,
      16,     0,    17,    18,    19,    20,    21,     0,     0,    22,
      23,    24,    25,    26,     0,    27,    28,    29,    30,    31,
      32,     0,     0,     0,     0,     0,    33,    34,     0,     0,
       0,     0,     0,     0,     0,     0,     0,     0,     0,     0,
       0,    35,     0,     0,    36,    37,    38,    39,    40,     0,
       0,     0,     0,    41,    42,    43,    44,    45,    46,    47,
       0,     0,     0,     0,     0,     0,     0,    48,     0,     0,
       0,     0,     0,     0,     0,     0,     0,     0,     0,    49,
      50,    51,     0,     0,     0,     0,     0,    52,    53,     0,
     295,    54,     0,    55,    56,    16,     0,    17,    18,    19,
      20,    21,     0,     0,    22,    23,    24,    25,    26,     0,
      27,    28,    29,    30,    31,    32,     0,     0,     0,     0,
       0,    33,    34,     0,     0,     0,     0,     0,     0,     0,
       0,     0,     0,     0,     0,     0,    35,     0,     0,    36,
      37,    38,    39,    40,     0,     0,     0,     0,    41,    42,
      43,    44,    45,    46,    47,     0,     0,     0,     0,     0,
       0,     0,    48,     0,     0,     0,     0,     0,     0,     0,
       0,     0,     0,     0,    49,    50,    51,     0,     0,     0,
       0,     0,    52,    53,     0,   349,    54,     0,    55,    56,
      16,     0,    17,    18,    19,    20,    21,     0,     0,    22,
      23,    24,    25,    26,     0,    27,    28,    29,    30,    31,
      32,     0,     0,     0,     0,     0,    33,    34,     0,     0,
       0,     0,     0,     0,     0,     0,     0,     0,     0,     0,
       0,    35,     0,     0,    36,    37,    38,    39,    40,     0,
       0,     0,     0,    41,    42,    43,    44,    45,    46,    47,
       0,     0,     0,     0,     0,     0,     0,    48,     0,     0,
       0,     0,     0,     0,     0,     0,     0,     0,     0,    49,
      50,    51,     0,     0,     0,     0,     0,    52,    53,     0,
     366,    54,     0,    55,    56,    16,     0,    17,    18,    19,
      20,    21,     0,     0,    22,    23,    24,    25,    26,     0,
      27,    28,    29,    30,    31,    32,     0,     0,     0,     0,
       0,    33,    34,     0,     0,     0,     0,     0,     0,     0,
       0,     0,     0,     0,     0,     0,    35,     0,     0,    36,
      37,    38,    39,    40,     0,     0,     0,     0,    41,    42,
      43,    44,    45,    46,    47,     0,     0,     0,     0,     0,
       0,     0,    48,     0,     0,     0,     0,     0,     0,     0,
       0,     0,     0,     0,    49,    50,    51,     0,     0,     0,
       0,     0,    52,    53,     0,     0,    54,     0,    55,    56,
      16,     0,    17,    18,    19,    20,    21,     0,     0,    22,
      23,    24,    25,    26,     0,    27,    28,    29,    30,    31,
      32,     0,     0,     0,     0,     0,    33,    34,     0,     0,
       0,     0,     0,     0,     0,     0,     0,     0,     0,     0,
       0,    35,     0,     0,    36,    37,    38,    39,    40,     0,
       0,     0,     0,    41,    42,    43,    44,    45,    46,    47,
       0,     0,     0,     0,     0,     0,     0,    48,   170,     0,
       0,     0,     0,     0,     0,   171,   172,   173,   174,    49,
      50,    51,     0,     0,     0,     0,     0,    52,    53,     0,
       0,   248,     0,    55,    56,   175,   176,   359,   177,   178,
     179,   180,   181,   182,   183,     0,     0,     0,     0,   184,
     185,   186,   187,   170,     0,   188,     0,     0,     0,     0,
     171,   172,   173,   174,     0,     0,     0,     0,     0,     0,
       0,     0,     0,     0,     0,     0,     0,     0,     0,     0,
     175,   176,     0,   177,   178,   179,   180,   181,   182,   183,
       0,     0,     0,     0,   184,   185,   186,   187,   170,     0,
     188,     0,     0,     0,     0,   171,   172,   173,   174,     0,
       0,     0,     0,     0,     0,     0,     0,     0,     0,     0,
       0,     0,     0,     0,     0,     0,   176,     0,   177,   178,
     179,   180,   181,   182,   183,     0,     0,     0,     0,   184,
     185,   186,   187,     0,     0,   188
};

static const yytype_int16 yycheck[] =
{
      15,   117,     9,   129,   236,     9,   434,     9,    46,   324,
      46,     9,     9,    20,    16,   464,    20,     9,    25,    11,
      11,    25,    15,    16,    40,   314,    15,    16,   144,     9,
      11,    11,    48,    11,     8,   324,    15,    16,   327,   328,
       0,    43,    15,    16,    17,    79,    17,    18,    20,    75,
      76,    77,    54,    25,     9,    23,    11,    11,     9,    30,
      11,     9,   102,    11,    35,   199,   200,     9,    39,    11,
     102,    42,   106,   102,    45,   101,    47,    12,    49,    50,
      51,    52,    53,     9,     9,    11,    11,    45,    46,    15,
      16,    17,    12,    71,   543,    21,    69,   104,   105,    92,
     104,   117,   102,    77,   230,   533,   103,   102,   146,   102,
     146,   104,     9,   402,    11,   104,    71,    71,   120,   100,
     136,    12,   102,    71,     9,   104,   128,   129,   144,    71,
      79,   104,    19,    20,    21,   103,    23,    24,    64,     9,
      75,    76,    77,    20,     9,   147,    11,   103,   437,   438,
     102,   383,   102,    40,    41,    75,    76,    77,    75,    76,
      77,   163,   164,   165,   102,   167,   168,   169,   102,    56,
     208,   102,   208,    33,    34,   146,   102,   101,   104,   105,
     469,   102,   197,    47,    75,    76,    77,   189,   190,   191,
     192,   193,   194,   195,   196,   166,    12,   429,   103,   170,
     171,   172,   173,   174,   175,   176,   177,   178,   179,   180,
     181,   182,   183,   184,   102,   231,   102,   219,   220,   221,
     222,   223,   224,    23,   340,   540,    71,   516,   230,   203,
     204,   205,   206,   207,    12,   209,   210,    10,   212,   213,
     101,   243,   129,    12,   370,    71,   248,    11,    19,    20,
      21,    92,    23,    24,    82,    83,   258,    20,    20,    75,
      76,    77,   102,    23,    75,    76,    77,   467,   101,    40,
      41,   436,    12,    10,   439,    46,    23,    11,   443,   444,
      69,   283,   284,    12,    55,    56,    12,   325,   290,   325,
     490,   491,   103,    77,   102,   460,   461,    75,    76,    77,
     105,   105,   502,    92,   105,   470,    75,    76,    77,   311,
     312,   313,   314,   102,   105,   104,   432,   517,   518,    90,
     105,    18,   324,   104,   340,   327,   328,    20,   493,    10,
     102,    10,   497,   498,   534,    75,    76,    77,    10,    10,
      19,    20,    21,   101,    23,    24,    75,    76,    77,    75,
      76,    77,   326,   355,   102,   520,    10,    10,   129,    20,
      39,    40,    41,    42,   102,   101,   101,   341,   370,    75,
      76,    77,   103,   101,   539,   146,    55,    56,   101,    75,
      76,    77,   547,    75,    76,    77,   101,   101,   359,    41,
      42,    43,    44,   101,   101,    62,    48,   103,    50,     9,
     402,     9,   101,    10,   406,   103,   380,   103,   103,     9,
     384,   103,   102,   101,    93,    73,   432,   188,   103,    62,
      63,   395,    89,    75,    76,    77,   103,    94,    95,    96,
      97,   101,   447,   100,   449,   437,   438,   208,    62,    63,
      75,    76,    77,   458,   123,    88,    89,     0,    25,   101,
     129,    94,    95,    96,    97,   101,     9,   100,    11,    12,
      75,    76,    77,    79,   101,    89,   468,   469,   103,   102,
      94,    95,    96,    97,   103,   101,   100,   492,    80,    72,
     454,    19,   101,    75,    76,    77,   101,   101,    41,    42,
      43,    44,    75,    76,    77,    48,    12,    50,   468,   100,
      53,     3,     4,     5,     6,     7,     8,    60,    61,    62,
      63,   103,   540,   312,   516,   382,   477,   250,   101,   506,
     291,   536,    75,    76,    77,   507,    79,    80,    81,    82,
      83,    84,    85,    86,    87,    88,    89,   216,   454,   325,
       0,    94,    95,    96,    97,   316,   430,   100,   101,   146,
     103,   522,    12,   106,   325,    -1,    -1,    75,    76,    77,
      75,    76,    77,    75,    76,    77,    75,    76,    77,    89,
      60,    61,    62,    63,    94,    95,    96,    97,   208,    -1,
     100,    41,    42,    43,    44,   103,   101,    -1,    48,   101,
      50,    -1,   101,    53,    -1,    85,    86,    87,    88,    89,
      60,    61,    62,    63,    94,    95,    96,    97,    -1,    -1,
     100,    -1,   291,    -1,    -1,    75,    76,    77,    -1,    79,
      80,    81,    82,    83,    84,    85,    86,    87,    88,    89,
      75,    76,    77,    -1,    94,    95,    96,    97,     0,     1,
     100,   101,    -1,   103,    -1,    -1,   106,     9,    -1,    11,
      -1,    13,    14,    15,    16,    17,   101,    -1,    20,    21,
      22,    23,    24,    -1,    26,    27,    28,    29,    30,    31,
      32,    33,    34,    35,    36,    37,    38,    39,    40,    41,
      42,    43,    44,    75,    76,    77,    48,    49,    50,    51,
      52,    -1,    54,    55,    56,    57,    58,    59,    -1,    -1,
      -1,    -1,    64,    65,    66,    67,    68,    69,    70,   101,
      41,    42,    43,    44,    -1,    -1,    78,    48,    -1,    50,
      94,    95,    96,    97,    -1,    -1,   100,    -1,    90,    91,
      92,    -1,    -1,    -1,    -1,    -1,    98,    99,     0,     1,
     102,   103,   104,   105,    75,    76,    77,     9,    -1,    11,
      -1,    13,    14,    15,    16,    17,    -1,    -1,    20,    21,
      22,    23,    24,    -1,    26,    27,    28,    29,    30,    31,
      32,    33,    34,    35,    36,    37,    38,    39,    40,    41,
      42,    43,    44,    -1,    -1,    -1,    48,    49,    50,    51,
      52,    -1,    54,    55,    56,    57,    58,    59,    -1,    -1,
      -1,    -1,    64,    65,    66,    67,    68,    69,    70,    95,
      96,    97,    -1,    -1,   100,    -1,    78,    -1,    -1,    -1,
      -1,    -1,    -1,    -1,    -1,    -1,    -1,    -1,    90,    91,
      92,    -1,    -1,    -1,    -1,    -1,    98,    99,     1,    -1,
     102,   103,   104,   105,    -1,    -1,     9,    10,    11,    -1,
      13,    14,    15,    16,    17,    -1,    -1,    20,    21,    22,
      23,    24,    -1,    26,    27,    28,    29,    30,    31,    32,
      33,    34,    35,    36,    37,    38,    39,    40,    41,    42,
      43,    44,    -1,    -1,    -1,    48,    49,    50,    51,    52,
      -1,    54,    55,    56,    57,    58,    59,    -1,    -1,    -1,
      -1,    64,    65,    66,    67,    68,    69,    70,    -1,    -1,
      -1,    -1,    -1,    -1,    -1,    78,    -1,    -1,    -1,    -1,
      -1,    -1,    -1,    -1,    -1,    -1,    -1,    90,    91,    92,
      -1,    -1,    -1,    -1,    -1,    98,    99,     1,    -1,   102,
     103,   104,   105,    -1,    -1,     9,    10,    11,    -1,    13,
      14,    15,    16,    17,    -1,    -1,    20,    21,    22,    23,
      24,    -1,    26,    27,    28,    29,    30,    31,    32,    33,
      34,    35,    36,    37,    38,    39,    40,    41,    42,    43,
      44,    -1,    -1,    -1,    48,    49,    50,    51,    52,    -1,
      54,    55,    56,    57,    58,    59,    -1,    -1,    -1,    -1,
      64,    65,    66,    67,    68,    69,    70,    -1,    -1,    -1,
      -1,    -1,    -1,    -1,    78,    -1,    -1,    -1,    -1,    -1,
      -1,    -1,    -1,    -1,    -1,    -1,    90,    91,    92,    -1,
      -1,    -1,    -1,    -1,    98,    99,     1,    -1,   102,   103,
     104,   105,    -1,    -1,     9,    10,    11,    -1,    13,    14,
      15,    16,    17,    -1,    -1,    20,    21,    22,    23,    24,
      -1,    26,    27,    28,    29,    30,    31,    32,    33,    34,
      35,    36,    37,    38,    39,    40,    41,    42,    43,    44,
      -1,    -1,    -1,    48,    49,    50,    51,    52,    -1,    54,
      55,    56,    57,    58,    59,    -1,    -1,    -1,    -1,    64,
      65,    66,    67,    68,    69,    70,    -1,    -1,    -1,    -1,
      -1,    -1,    -1,    78,    -1,    -1,    -1,    -1,    -1,    -1,
      -1,    -1,    -1,    -1,    -1,    90,    91,    92,    -1,    -1,
      -1,    -1,    -1,    98,    99,     1,    -1,   102,   103,   104,
     105,    -1,    -1,     9,    10,    11,    -1,    13,    14,    15,
      16,    17,    -1,    -1,    20,    21,    22,    23,    24,    -1,
      26,    27,    28,    29,    30,    31,    32,    33,    34,    35,
      36,    37,    38,    39,    40,    41,    42,    43,    44,    -1,
      -1,    -1,    48,    49,    50,    51,    52,    -1,    54,    55,
      56,    57,    58,    59,    -1,    -1,    -1,    -1,    64,    65,
      66,    67,    68,    69,    70,    -1,    -1,    -1,    -1,    -1,
      -1,    -1,    78,    -1,    -1,    -1,    -1,    -1,    -1,    -1,
      -1,    -1,    -1,    -1,    90,    91,    92,    -1,    -1,    -1,
      -1,    -1,    98,    99,     1,    -1,   102,   103,   104,   105,
      -1,    -1,     9,    10,    11,    -1,    13,    14,    15,    16,
      17,    -1,    -1,    20,    21,    22,    23,    24,    -1,    26,
      27,    28,    29,    30,    31,    32,    33,    34,    35,    36,
      37,    38,    39,    40,    41,    42,    43,    44,    -1,    -1,
      -1,    48,    49,    50,    51,    52,    -1,    54,    55,    56,
      57,    58,    59,    -1,    -1,    -1,    -1,    64,    65,    66,
      67,    68,    69,    70,    -1,    -1,    -1,    -1,    -1,    -1,
      -1,    78,    -1,    -1,    -1,    -1,    -1,    -1,    -1,    -1,
      -1,    -1,    -1,    90,    91,    92,    -1,    -1,    -1,    -1,
      -1,    98,    99,     1,    -1,   102,   103,   104,   105,    -1,
      -1,     9,    -1,    11,    -1,    13,    14,    15,    16,    17,
      -1,    -1,    20,    21,    22,    23,    24,    -1,    26,    27,
      28,    29,    30,    31,    32,    33,    34,    35,    36,    37,
      38,    39,    40,    41,    42,    43,    44,    -1,    -1,    -1,
      48,    49,    50,    51,    52,    -1,    54,    55,    56,    57,
      58,    59,    -1,    -1,    -1,    -1,    64,    65,    66,    67,
      68,    69,    70,    -1,    -1,    73,    -1,    -1,    -1,    -1,
      78,    -1,    -1,    -1,    -1,    -1,    -1,    -1,    -1,    -1,
      -1,    -1,    90,    91,    92,    -1,    -1,    -1,    -1,    -1,
      98,    99,     1,    -1,   102,   103,   104,   105,    -1,    -1,
       9,    -1,    11,    -1,    13,    14,    15,    16,    17,    -1,
      -1,    20,    21,    22,    23,    24,    -1,    26,    27,    28,
      29,    30,    31,    32,    33,    34,    35,    36,    37,    38,
      39,    40,    41,    42,    43,    44,    -1,    -1,    -1,    48,
      49,    50,    51,    52,    -1,    54,    55,    56,    57,    58,
      59,    -1,    -1,    -1,    -1,    64,    65,    66,    67,    68,
      69,    70,    -1,    -1,    -1,    -1,    -1,    -1,    -1,    78,
      -1,    -1,    -1,    -1,    -1,    -1,    -1,    -1,    -1,    -1,
      -1,    90,    91,    92,    -1,    -1,    -1,    -1,    -1,    98,
      99,     1,    -1,   102,   103,   104,   105,    -1,    -1,     9,
      -1,    11,    -1,    13,    14,    15,    16,    17,    -1,    -1,
      20,    21,    22,    23,    24,    -1,    26,    27,    28,    29,
      30,    31,    32,    -1,    34,    35,    36,    37,    38,    39,
      40,    41,    42,    43,    44,    -1,    -1,    -1,    48,    49,
      50,    51,    52,    -1,    54,    55,    56,    57,    58,    59,
      -1,    -1,    -1,    -1,    64,    65,    66,    67,    68,    69,
      70,    -1,    -1,    -1,    -1,    -1,    -1,    -1,    78,    -1,
      -1,    -1,    -1,    -1,    -1,    -1,    -1,    -1,    -1,    -1,
      90,    91,    92,    -1,    -1,    -1,     1,    -1,    98,    99,
      -1,    -1,   102,   103,   104,   105,    11,    -1,    13,    14,
      15,    16,    17,    -1,    -1,    20,    21,    22,    23,    24,
      -1,    26,    27,    28,    29,    30,    31,    -1,    -1,    -1,
      -1,    -1,    37,    38,    -1,    -1,    53,    -1,    -1,    -1,
      -1,    -1,    -1,    60,    61,    62,    63,    52,    -1,    -1,
      55,    56,    57,    58,    59,    -1,    -1,    -1,    -1,    64,
      65,    66,    67,    68,    69,    70,    83,    84,    85,    86,
      87,    88,    89,    78,    -1,    -1,    -1,    94,    95,    96,
      97,    -1,    -1,   100,    -1,    90,    91,    92,    -1,    -1,
      -1,     1,    -1,    98,    99,    -1,    -1,   102,   103,   104,
     105,    11,    -1,    13,    14,    15,    16,    17,    -1,    -1,
      20,    21,    22,    23,    24,    -1,    26,    27,    28,    29,
      30,    31,    -1,    -1,    -1,    -1,    -1,    37,    38,    -1,
      -1,    -1,    -1,    -1,    -1,    60,    61,    62,    63,    -1,
      -1,    -1,    52,    -1,    -1,    55,    56,    57,    58,    59,
      -1,    -1,    -1,    -1,    64,    65,    66,    67,    68,    69,
      70,    86,    87,    88,    89,    -1,    -1,    -1,    78,    94,
      95,    96,    97,    -1,    -1,   100,    -1,    -1,    -1,    -1,
      90,    91,    92,    -1,    -1,    -1,    -1,    -1,    98,    99,
      -1,   101,   102,    -1,   104,   105,     9,    -1,    11,    -1,
      13,    14,    15,    16,    17,    -1,    -1,    20,    21,    22,
      23,    24,    25,    26,    27,    28,    29,    30,    31,    -1,
      -1,    -1,    -1,    -1,    37,    38,    -1,    -1,    -1,    -1,
      -1,    -1,    60,    61,    62,    63,    -1,    -1,    -1,    52,
      -1,    -1,    55,    56,    57,    58,    59,    -1,    -1,    -1,
      -1,    64,    65,    66,    67,    68,    69,    70,    -1,    87,
      88,    89,    -1,    -1,    -1,    78,    94,    95,    96,    97,
      -1,    -1,   100,    -1,    -1,    -1,    -1,    90,    91,    92,
      -1,    -1,    -1,    -1,    -1,    98,    99,    -1,    -1,   102,
      -1,   104,   105,     9,    -1,    11,    -1,    13,    14,    15,
      16,    17,    -1,    -1,    20,    21,    22,    23,    24,    -1,
      26,    27,    28,    29,    30,    31,    -1,    -1,    -1,    -1,
      -1,    37,    38,    -1,    -1,    -1,    -1,    -1,    -1,    60,
      61,    62,    63,    -1,    -1,    -1,    52,    -1,    -1,    55,
      56,    57,    58,    59,    -1,    -1,    -1,    -1,    64,    65,
      66,    67,    68,    69,    70,    -1,    -1,    88,    89,    -1,
      -1,    -1,    78,    94,    95,    96,    97,    -1,    -1,   100,
      -1,    -1,    -1,    -1,    90,    91,    92,    -1,    -1,    -1,
      -1,    -1,    98,    99,    -1,    -1,   102,    -1,   104,   105,
      11,    12,    13,    14,    15,    16,    17,    -1,    -1,    20,
      21,    22,    23,    24,    -1,    26,    27,    28,    29,    30,
      31,    -1,    -1,    -1,    -1,    -1,    37,    38,    -1,    -1,
      -1,    -1,    -1,    -1,    60,    61,    62,    63,    -1,    -1,
      -1,    52,    -1,    -1,    55,    56,    57,    58,    59,    -1,
      -1,    -1,    -1,    64,    65,    66,    67,    68,    69,    70,
      -1,    -1,    88,    89,    -1,    -1,    -1,    78,    94,    95,
      96,    97,    -1,    -1,   100,    -1,    -1,    -1,    -1,    90,
      91,    92,    -1,    -1,    -1,    -1,    -1,    98,    99,    -1,
      -1,   102,    -1,   104,   105,    11,    -1,    13,    14,    15,
      16,    17,    -1,    -1,    20,    21,    22,    23,    24,    -1,
      26,    27,    28,    29,    30,    31,    -1,    -1,    -1,    -1,
      -1,    37,    38,    -1,    -1,    -1,    -1,    -1,    -1,    60,
      -1,    62,    63,    -1,    -1,    -1,    52,    -1,    -1,    55,
      56,    57,    58,    59,    -1,    -1,    -1,    -1,    64,    65,
      66,    67,    68,    69,    70,    -1,    -1,    88,    89,    -1,
      -1,    -1,    78,    94,    95,    96,    97,    -1,    -1,   100,
      -1,    -1,    -1,    -1,    90,    91,    92,    -1,    -1,    -1,
      -1,    -1,    98,    99,    -1,    -1,   102,   103,   104,   105,
      11,    -1,    13,    14,    15,    16,    17,    -1,    -1,    20,
      21,    22,    23,    24,    -1,    26,    27,    28,    29,    30,
      31,    -1,    -1,    -1,    -1,    -1,    37,    38,    -1,    -1,
      -1,    -1,    -1,    -1,    -1,    -1,    -1,    -1,    -1,    -1,
      -1,    52,    -1,    -1,    55,    56,    57,    58,    59,    -1,
      -1,    -1,    -1,    64,    65,    66,    67,    68,    69,    70,
      -1,    -1,    -1,    -1,    -1,    -1,    -1,    78,    -1,    -1,
      -1,    -1,    -1,    -1,    -1,    -1,    -1,    -1,    -1,    90,
      91,    92,    -1,    -1,    -1,    -1,    -1,    98,    99,    -1,
     101,   102,    -1,   104,   105,    11,    -1,    13,    14,    15,
      16,    17,    -1,    -1,    20,    21,    22,    23,    24,    -1,
      26,    27,    28,    29,    30,    31,    -1,    -1,    -1,    -1,
      -1,    37,    38,    -1,    -1,    -1,    -1,    -1,    -1,    -1,
      -1,    -1,    -1,    -1,    -1,    -1,    52,    -1,    -1,    55,
      56,    57,    58,    59,    -1,    -1,    -1,    -1,    64,    65,
      66,    67,    68,    69,    70,    -1,    -1,    -1,    -1,    -1,
      -1,    -1,    78,    -1,    -1,    -1,    -1,    -1,    -1,    -1,
      -1,    -1,    -1,    -1,    90,    91,    92,    -1,    -1,    -1,
      -1,    -1,    98,    99,    -1,   101,   102,    -1,   104,   105,
      11,    -1,    13,    14,    15,    16,    17,    -1,    -1,    20,
      21,    22,    23,    24,    -1,    26,    27,    28,    29,    30,
      31,    -1,    -1,    -1,    -1,    -1,    37,    38,    -1,    -1,
      -1,    -1,    -1,    -1,    -1,    -1,    -1,    -1,    -1,    -1,
      -1,    52,    -1,    -1,    55,    56,    57,    58,    59,    -1,
      -1,    -1,    -1,    64,    65,    66,    67,    68,    69,    70,
      -1,    -1,    -1,    -1,    -1,    -1,    -1,    78,    -1,    -1,
      -1,    -1,    -1,    -1,    -1,    -1,    -1,    -1,    -1,    90,
      91,    92,    -1,    -1,    -1,    -1,    -1,    98,    99,    -1,
     101,   102,    -1,   104,   105,    11,    -1,    13,    14,    15,
      16,    17,    -1,    -1,    20,    21,    22,    23,    24,    -1,
      26,    27,    28,    29,    30,    31,    -1,    -1,    -1,    -1,
      -1,    37,    38,    -1,    -1,    -1,    -1,    -1,    -1,    -1,
      -1,    -1,    -1,    -1,    -1,    -1,    52,    -1,    -1,    55,
      56,    57,    58,    59,    -1,    -1,    -1,    -1,    64,    65,
      66,    67,    68,    69,    70,    -1,    -1,    -1,    -1,    -1,
      -1,    -1,    78,    -1,    -1,    -1,    -1,    -1,    -1,    -1,
      -1,    -1,    -1,    -1,    90,    91,    92,    -1,    -1,    -1,
      -1,    -1,    98,    99,    -1,   101,   102,    -1,   104,   105,
      11,    -1,    13,    14,    15,    16,    17,    -1,    -1,    20,
      21,    22,    23,    24,    -1,    26,    27,    28,    29,    30,
      31,    -1,    -1,    -1,    -1,    -1,    37,    38,    -1,    -1,
      -1,    -1,    -1,    -1,    -1,    -1,    -1,    -1,    -1,    -1,
      -1,    52,    -1,    -1,    55,    56,    57,    58,    59,    -1,
      -1,    -1,    -1,    64,    65,    66,    67,    68,    69,    70,
      -1,    -1,    -1,    -1,    -1,    -1,    -1,    78,    -1,    -1,
      -1,    -1,    -1,    -1,    -1,    -1,    -1,    -1,    -1,    90,
      91,    92,    -1,    -1,    -1,    -1,    -1,    98,    99,    -1,
     101,   102,    -1,   104,   105,    11,    -1,    13,    14,    15,
      16,    17,    -1,    -1,    20,    21,    22,    23,    24,    -1,
      26,    27,    28,    29,    30,    31,    -1,    -1,    -1,    -1,
      -1,    37,    38,    -1,    -1,    -1,    -1,    -1,    -1,    -1,
      -1,    -1,    -1,    -1,    -1,    -1,    52,    -1,    -1,    55,
      56,    57,    58,    59,    -1,    -1,    -1,    -1,    64,    65,
      66,    67,    68,    69,    70,    -1,    -1,    -1,    -1,    -1,
      -1,    -1,    78,    -1,    -1,    -1,    -1,    -1,    -1,    -1,
      -1,    -1,    -1,    -1,    90,    91,    92,    -1,    -1,    -1,
      -1,    -1,    98,    99,    -1,   101,   102,    -1,   104,   105,
      11,    -1,    13,    14,    15,    16,    17,    -1,    -1,    20,
      21,    22,    23,    24,    -1,    26,    27,    28,    29,    30,
      31,    -1,    -1,    -1,    -1,    -1,    37,    38,    -1,    -1,
      -1,    -1,    -1,    -1,    -1,    -1,    -1,    -1,    -1,    -1,
      -1,    52,    -1,    -1,    55,    56,    57,    58,    59,    -1,
      -1,    -1,    -1,    64,    65,    66,    67,    68,    69,    70,
      -1,    -1,    -1,    -1,    -1,    -1,    -1,    78,    -1,    -1,
      -1,    -1,    -1,    -1,    -1,    -1,    -1,    -1,    -1,    90,
      91,    92,    -1,    -1,    -1,    -1,    -1,    98,    99,    -1,
     101,   102,    -1,   104,   105,    11,    -1,    13,    14,    15,
      16,    17,    -1,    -1,    20,    21,    22,    23,    24,    -1,
      26,    27,    28,    29,    30,    31,    -1,    -1,    -1,    -1,
      -1,    37,    38,    -1,    -1,    -1,    -1,    -1,    -1,    -1,
      -1,    -1,    -1,    -1,    -1,    -1,    52,    -1,    -1,    55,
      56,    57,    58,    59,    -1,    -1,    -1,    -1,    64,    65,
      66,    67,    68,    69,    70,    -1,    -1,    -1,    -1,    -1,
      -1,    -1,    78,    -1,    -1,    -1,    -1,    -1,    -1,    -1,
      -1,    -1,    -1,    -1,    90,    91,    92,    -1,    -1,    -1,
      -1,    -1,    98,    99,    -1,    -1,   102,    -1,   104,   105,
      11,    -1,    13,    14,    15,    16,    17,    -1,    -1,    20,
      21,    22,    23,    24,    -1,    26,    27,    28,    29,    30,
      31,    -1,    -1,    -1,    -1,    -1,    37,    38,    -1,    -1,
      -1,    -1,    -1,    -1,    -1,    -1,    -1,    -1,    -1,    -1,
      -1,    52,    -1,    -1,    55,    56,    57,    58,    59,    -1,
      -1,    -1,    -1,    64,    65,    66,    67,    68,    69,    70,
      -1,    -1,    -1,    -1,    -1,    -1,    -1,    78,    53,    -1,
      -1,    -1,    -1,    -1,    -1,    60,    61,    62,    63,    90,
      91,    92,    -1,    -1,    -1,    -1,    -1,    98,    99,    -1,
      -1,   102,    -1,   104,   105,    80,    81,    82,    83,    84,
      85,    86,    87,    88,    89,    -1,    -1,    -1,    -1,    94,
      95,    96,    97,    53,    -1,   100,    -1,    -1,    -1,    -1,
      60,    61,    62,    63,    -1,    -1,    -1,    -1,    -1,    -1,
      -1,    -1,    -1,    -1,    -1,    -1,    -1,    -1,    -1,    -1,
      80,    81,    -1,    83,    84,    85,    86,    87,    88,    89,
      -1,    -1,    -1,    -1,    94,    95,    96,    97,    53,    -1,
     100,    -1,    -1,    -1,    -1,    60,    61,    62,    63,    -1,
      -1,    -1,    -1,    -1,    -1,    -1,    -1,    -1,    -1,    -1,
      -1,    -1,    -1,    -1,    -1,    -1,    81,    -1,    83,    84,
      85,    86,    87,    88,    89,    -1,    -1,    -1,    -1,    94,
      95,    96,    97,    -1,    -1,   100
};

/* YYSTOS[STATE-NUM] -- The (internal number of the) accessing
   symbol of state STATE-NUM.  */
static const yytype_uint8 yystos[] =
{
       0,     3,     4,     5,     6,     7,     8,   108,   109,   110,
     111,   112,   113,   114,     0,   117,    11,    13,    14,    15,
      16,    17,    20,    21,    22,    23,    24,    26,    27,    28,
      29,    30,    31,    37,    38,    52,    55,    56,    57,    58,
      59,    64,    65,    66,    67,    68,    69,    70,    78,    90,
      91,    92,    98,    99,   102,   104,   105,   166,   167,   168,
     171,   172,   173,   174,   175,   176,   178,   181,   187,   188,
     189,   190,   191,   192,   193,   194,   195,     9,   115,     1,
      32,    34,    35,    36,    39,    40,    41,    42,    43,    44,
      48,    49,    50,    51,    54,   103,   115,   124,   134,   166,
      33,   122,   123,   124,   120,   120,    12,   166,   176,   176,
      20,    25,   115,   188,   196,   196,   196,   196,   196,   177,
      11,   102,   176,   145,   145,   145,   176,   102,   102,   102,
     115,   176,    20,   167,   180,   188,   196,   196,   115,   176,
     103,   166,    20,    25,   147,   176,    92,   102,   179,   188,
     189,   190,   176,   167,   176,   176,   176,   176,   176,   101,
     166,   196,   196,    75,    76,    77,    79,     9,    11,   102,
      53,    60,    61,    62,    63,    80,    81,    83,    84,    85,
      86,    87,    88,    89,    94,    95,    96,    97,   100,   102,
       9,    11,     9,    11,     9,    11,     9,   117,   146,   147,
     147,    20,   144,   102,   102,   102,   102,    69,    92,   102,
     186,   188,   102,   102,   115,   103,    47,   136,   103,    41,
      42,    43,    44,    48,    50,   123,   124,   122,    12,   180,
     102,   102,   166,   101,   115,    23,   148,    71,   149,   101,
     101,   166,   181,   196,   167,    10,   103,   180,   102,   176,
     179,   188,   189,   190,   101,   166,    71,   150,    11,   101,
     166,   166,   166,   176,   166,   166,   101,   166,   176,   176,
     176,   176,   176,   176,   176,   176,   176,   176,   176,   176,
     176,   176,   176,     9,    11,    15,    16,    17,    21,    64,
     102,   104,   105,   170,   188,   101,   166,   166,   166,   166,
     166,   166,   166,   166,   120,    20,   143,   144,   144,    20,
     127,   117,   117,   117,   117,    92,   117,    69,   184,   185,
     187,   188,   189,   190,   117,   117,   102,   117,   117,   115,
     166,   140,   166,   166,   166,   166,   166,   181,   167,    12,
     169,   149,    23,   117,   165,   101,   101,   166,    10,   101,
     166,   150,   101,    23,   166,    11,   103,    12,   101,    82,
     166,   166,   105,   105,   105,   105,   101,   166,   105,   105,
     102,   101,   103,    12,   103,    12,   103,    12,   103,    10,
      18,   116,   125,   126,     9,   103,    20,   139,   166,   140,
     141,   166,   141,   183,   188,   102,   134,   138,   141,   142,
     166,   184,   117,   141,   141,   101,   106,   182,   180,   117,
     163,   102,   159,   160,   101,   101,    12,   166,    10,   176,
     103,    12,   101,   181,    10,    10,    10,    10,   117,   148,
     149,   117,    20,   101,   101,   101,   101,   102,   117,   101,
     103,   130,   141,   101,   101,   166,   101,     9,   161,     9,
      12,    10,   101,   103,   149,   103,   164,   165,   131,   180,
     137,   137,     9,   118,   118,   141,   141,   118,   128,   102,
     101,   118,   118,   120,    15,    16,   104,   152,   153,   155,
     156,   157,   158,   120,    73,   103,   162,   163,   120,   103,
     118,   118,   119,    45,    46,   135,   135,   101,   101,   136,
     139,   141,   118,    10,    25,   151,   151,    79,   101,    10,
     121,    10,   136,   136,   120,   118,   102,   118,   118,   103,
     101,   136,    80,   154,   154,   156,    23,   103,   132,    10,
     141,   136,   136,   129,   118,   176,    72,   133,    19,   101,
     137,   136,   120,   118,   142,    73,   135,   101,   118
};

typedef enum {
	toketype_ival, toketype_opval
} toketypes;

/* type of each token/terminal */
static const toketypes yy_type_tab[] =
{
  toketype_ival, toketype_ival, toketype_ival, toketype_ival, toketype_ival, toketype_ival,
  toketype_ival, toketype_ival, toketype_ival, toketype_ival, toketype_ival, toketype_ival,
  toketype_ival, toketype_ival, toketype_ival, toketype_ival, toketype_ival, toketype_ival, toketype_ival, toketype_ival, toketype_opval,
  toketype_opval, toketype_opval, toketype_opval, toketype_opval, toketype_opval, toketype_opval,
  toketype_opval, toketype_opval, toketype_opval, toketype_opval, toketype_opval, toketype_opval,
  toketype_opval, toketype_ival, toketype_ival, toketype_ival, toketype_ival, toketype_ival, toketype_ival,
  toketype_ival, toketype_ival, toketype_ival, toketype_ival, toketype_ival, toketype_ival, toketype_ival, toketype_ival,
  toketype_ival, toketype_ival, toketype_ival, toketype_ival, toketype_ival, toketype_ival, toketype_ival,
  toketype_ival, toketype_ival, toketype_ival, toketype_ival, toketype_ival, toketype_ival, toketype_ival, toketype_ival,
  toketype_ival, toketype_ival, toketype_ival, toketype_ival, toketype_ival, toketype_ival, toketype_ival,
  toketype_ival, toketype_ival, toketype_ival, toketype_ival, toketype_ival, toketype_ival,
  toketype_ival, toketype_ival, toketype_ival, toketype_ival, toketype_ival, toketype_ival, toketype_ival, toketype_ival,
  toketype_ival, toketype_ival, toketype_ival, toketype_ival, toketype_ival, toketype_ival, toketype_ival,
  toketype_ival, toketype_ival, toketype_ival, toketype_ival, toketype_ival, toketype_ival, toketype_ival,
  toketype_ival, toketype_ival, toketype_ival, toketype_ival, toketype_ival, toketype_ival, toketype_ival, toketype_ival, toketype_ival,
  toketype_ival, toketype_ival, toketype_ival, toketype_ival, toketype_ival, toketype_ival, toketype_ival, toketype_ival, toketype_opval,
  toketype_opval, toketype_ival, toketype_opval, toketype_ival, toketype_opval, toketype_opval,
  toketype_opval, toketype_opval, toketype_opval, toketype_ival, toketype_ival, toketype_ival, toketype_ival, toketype_ival,
  toketype_ival, toketype_ival, toketype_opval, toketype_opval, toketype_opval, toketype_opval, toketype_opval, toketype_ival,
  toketype_opval, toketype_opval, toketype_opval, toketype_opval, toketype_opval, toketype_opval, toketype_ival,
  toketype_ival, toketype_ival, toketype_opval, toketype_opval, toketype_opval,
  toketype_opval, toketype_opval, toketype_ival, toketype_opval,
  toketype_opval, toketype_opval, toketype_opval, toketype_opval, toketype_opval,
  toketype_opval, toketype_opval, toketype_ival, toketype_opval, toketype_opval,
  toketype_opval, toketype_opval, toketype_opval, toketype_opval, toketype_opval, toketype_ival,
  toketype_opval, toketype_opval, toketype_opval, toketype_opval, toketype_opval, toketype_opval,
  toketype_opval, toketype_ival, toketype_opval, toketype_opval, toketype_opval, toketype_opval,
  toketype_opval, toketype_opval, toketype_opval, toketype_opval, toketype_ival, toketype_opval,
  toketype_opval, toketype_opval, toketype_opval, toketype_opval, toketype_opval, toketype_opval, toketype_opval, toketype_opval,
  toketype_opval
};

/* Generated from:
 * 100c5d160b91827f82cc671e3b705fb27948282fcc3e1fb7219f9ddee9f53c22 perly.y
 * b6fae5748f9bef6db4740aa5e122b84ac5181852d42474d0ecad621fa4253306 regen_perly.pl
 * ex: set ro: */
